
power = 7046.38389661847
throughput = 3964.51
composite = 5285.40059238492
